All labeled graphs on 5 nodes
One graph per line. The 0-1 vector indicates the edges in the graph,
where edges are ordered:
[0,1] [0,2] [0,3] [0,4] [1,2] [1,3] [1,4] [2,3] [2,4] [3,4]
The last number in each line is the size of a largest stable set.
Number of graphs: 1024

0 0 0 0 0 0 0 0 0 0 5
1 0 0 0 0 0 0 0 0 0 4
0 1 0 0 0 0 0 0 0 0 4
1 1 0 0 0 0 0 0 0 0 4
0 0 1 0 0 0 0 0 0 0 4
1 0 1 0 0 0 0 0 0 0 4
0 1 1 0 0 0 0 0 0 0 4
1 1 1 0 0 0 0 0 0 0 4
0 0 0 1 0 0 0 0 0 0 4
1 0 0 1 0 0 0 0 0 0 4
0 1 0 1 0 0 0 0 0 0 4
1 1 0 1 0 0 0 0 0 0 4
0 0 1 1 0 0 0 0 0 0 4
1 0 1 1 0 0 0 0 0 0 4
0 1 1 1 0 0 0 0 0 0 4
1 1 1 1 0 0 0 0 0 0 4
0 0 0 0 1 0 0 0 0 0 4
1 0 0 0 1 0 0 0 0 0 4
0 1 0 0 1 0 0 0 0 0 4
1 1 0 0 1 0 0 0 0 0 3
0 0 1 0 1 0 0 0 0 0 3
1 0 1 0 1 0 0 0 0 0 3
0 1 1 0 1 0 0 0 0 0 3
1 1 1 0 1 0 0 0 0 0 3
0 0 0 1 1 0 0 0 0 0 3
1 0 0 1 1 0 0 0 0 0 3
0 1 0 1 1 0 0 0 0 0 3
1 1 0 1 1 0 0 0 0 0 3
0 0 1 1 1 0 0 0 0 0 3
1 0 1 1 1 0 0 0 0 0 3
0 1 1 1 1 0 0 0 0 0 3
1 1 1 1 1 0 0 0 0 0 3
0 0 0 0 0 1 0 0 0 0 4
1 0 0 0 0 1 0 0 0 0 4
0 1 0 0 0 1 0 0 0 0 3
1 1 0 0 0 1 0 0 0 0 3
0 0 1 0 0 1 0 0 0 0 4
1 0 1 0 0 1 0 0 0 0 3
0 1 1 0 0 1 0 0 0 0 3
1 1 1 0 0 1 0 0 0 0 3
0 0 0 1 0 1 0 0 0 0 3
1 0 0 1 0 1 0 0 0 0 3
0 1 0 1 0 1 0 0 0 0 3
1 1 0 1 0 1 0 0 0 0 3
0 0 1 1 0 1 0 0 0 0 3
1 0 1 1 0 1 0 0 0 0 3
0 1 1 1 0 1 0 0 0 0 3
1 1 1 1 0 1 0 0 0 0 3
0 0 0 0 1 1 0 0 0 0 4
1 0 0 0 1 1 0 0 0 0 4
0 1 0 0 1 1 0 0 0 0 3
1 1 0 0 1 1 0 0 0 0 3
0 0 1 0 1 1 0 0 0 0 3
1 0 1 0 1 1 0 0 0 0 3
0 1 1 0 1 1 0 0 0 0 3
1 1 1 0 1 1 0 0 0 0 3
0 0 0 1 1 1 0 0 0 0 3
1 0 0 1 1 1 0 0 0 0 3
0 1 0 1 1 1 0 0 0 0 3
1 1 0 1 1 1 0 0 0 0 3
0 0 1 1 1 1 0 0 0 0 3
1 0 1 1 1 1 0 0 0 0 3
0 1 1 1 1 1 0 0 0 0 3
1 1 1 1 1 1 0 0 0 0 3
0 0 0 0 0 0 1 0 0 0 4
1 0 0 0 0 0 1 0 0 0 4
0 1 0 0 0 0 1 0 0 0 3
1 1 0 0 0 0 1 0 0 0 3
0 0 1 0 0 0 1 0 0 0 3
1 0 1 0 0 0 1 0 0 0 3
0 1 1 0 0 0 1 0 0 0 3
1 1 1 0 0 0 1 0 0 0 3
0 0 0 1 0 0 1 0 0 0 4
1 0 0 1 0 0 1 0 0 0 3
0 1 0 1 0 0 1 0 0 0 3
1 1 0 1 0 0 1 0 0 0 3
0 0 1 1 0 0 1 0 0 0 3
1 0 1 1 0 0 1 0 0 0 3
0 1 1 1 0 0 1 0 0 0 3
1 1 1 1 0 0 1 0 0 0 3
0 0 0 0 1 0 1 0 0 0 4
1 0 0 0 1 0 1 0 0 0 4
0 1 0 0 1 0 1 0 0 0 3
1 1 0 0 1 0 1 0 0 0 3
0 0 1 0 1 0 1 0 0 0 3
1 0 1 0 1 0 1 0 0 0 3
0 1 1 0 1 0 1 0 0 0 3
1 1 1 0 1 0 1 0 0 0 3
0 0 0 1 1 0 1 0 0 0 3
1 0 0 1 1 0 1 0 0 0 3
0 1 0 1 1 0 1 0 0 0 3
1 1 0 1 1 0 1 0 0 0 3
0 0 1 1 1 0 1 0 0 0 3
1 0 1 1 1 0 1 0 0 0 3
0 1 1 1 1 0 1 0 0 0 3
1 1 1 1 1 0 1 0 0 0 3
0 0 0 0 0 1 1 0 0 0 4
1 0 0 0 0 1 1 0 0 0 4
0 1 0 0 0 1 1 0 0 0 3
1 1 0 0 0 1 1 0 0 0 3
0 0 1 0 0 1 1 0 0 0 3
1 0 1 0 0 1 1 0 0 0 3
0 1 1 0 0 1 1 0 0 0 3
1 1 1 0 0 1 1 0 0 0 3
0 0 0 1 0 1 1 0 0 0 3
1 0 0 1 0 1 1 0 0 0 3
0 1 0 1 0 1 1 0 0 0 3
1 1 0 1 0 1 1 0 0 0 3
0 0 1 1 0 1 1 0 0 0 3
1 0 1 1 0 1 1 0 0 0 3
0 1 1 1 0 1 1 0 0 0 3
1 1 1 1 0 1 1 0 0 0 3
0 0 0 0 1 1 1 0 0 0 4
1 0 0 0 1 1 1 0 0 0 4
0 1 0 0 1 1 1 0 0 0 3
1 1 0 0 1 1 1 0 0 0 3
0 0 1 0 1 1 1 0 0 0 3
1 0 1 0 1 1 1 0 0 0 3
0 1 1 0 1 1 1 0 0 0 3
1 1 1 0 1 1 1 0 0 0 3
0 0 0 1 1 1 1 0 0 0 3
1 0 0 1 1 1 1 0 0 0 3
0 1 0 1 1 1 1 0 0 0 3
1 1 0 1 1 1 1 0 0 0 3
0 0 1 1 1 1 1 0 0 0 3
1 0 1 1 1 1 1 0 0 0 3
0 1 1 1 1 1 1 0 0 0 3
1 1 1 1 1 1 1 0 0 0 3
0 0 0 0 0 0 0 1 0 0 4
1 0 0 0 0 0 0 1 0 0 3
0 1 0 0 0 0 0 1 0 0 4
1 1 0 0 0 0 0 1 0 0 3
0 0 1 0 0 0 0 1 0 0 4
1 0 1 0 0 0 0 1 0 0 3
0 1 1 0 0 0 0 1 0 0 3
1 1 1 0 0 0 0 1 0 0 3
0 0 0 1 0 0 0 1 0 0 3
1 0 0 1 0 0 0 1 0 0 3
0 1 0 1 0 0 0 1 0 0 3
1 1 0 1 0 0 0 1 0 0 3
0 0 1 1 0 0 0 1 0 0 3
1 0 1 1 0 0 0 1 0 0 3
0 1 1 1 0 0 0 1 0 0 3
1 1 1 1 0 0 0 1 0 0 3
0 0 0 0 1 0 0 1 0 0 4
1 0 0 0 1 0 0 1 0 0 3
0 1 0 0 1 0 0 1 0 0 4
1 1 0 0 1 0 0 1 0 0 3
0 0 1 0 1 0 0 1 0 0 3
1 0 1 0 1 0 0 1 0 0 3
0 1 1 0 1 0 0 1 0 0 3
1 1 1 0 1 0 0 1 0 0 3
0 0 0 1 1 0 0 1 0 0 3
1 0 0 1 1 0 0 1 0 0 3
0 1 0 1 1 0 0 1 0 0 3
1 1 0 1 1 0 0 1 0 0 3
0 0 1 1 1 0 0 1 0 0 3
1 0 1 1 1 0 0 1 0 0 3
0 1 1 1 1 0 0 1 0 0 3
1 1 1 1 1 0 0 1 0 0 3
0 0 0 0 0 1 0 1 0 0 4
1 0 0 0 0 1 0 1 0 0 3
0 1 0 0 0 1 0 1 0 0 3
1 1 0 0 0 1 0 1 0 0 3
0 0 1 0 0 1 0 1 0 0 4
1 0 1 0 0 1 0 1 0 0 3
0 1 1 0 0 1 0 1 0 0 3
1 1 1 0 0 1 0 1 0 0 3
0 0 0 1 0 1 0 1 0 0 3
1 0 0 1 0 1 0 1 0 0 3
0 1 0 1 0 1 0 1 0 0 3
1 1 0 1 0 1 0 1 0 0 3
0 0 1 1 0 1 0 1 0 0 3
1 0 1 1 0 1 0 1 0 0 3
0 1 1 1 0 1 0 1 0 0 3
1 1 1 1 0 1 0 1 0 0 3
0 0 0 0 1 1 0 1 0 0 3
1 0 0 0 1 1 0 1 0 0 3
0 1 0 0 1 1 0 1 0 0 3
1 1 0 0 1 1 0 1 0 0 3
0 0 1 0 1 1 0 1 0 0 3
1 0 1 0 1 1 0 1 0 0 3
0 1 1 0 1 1 0 1 0 0 3
1 1 1 0 1 1 0 1 0 0 2
0 0 0 1 1 1 0 1 0 0 2
1 0 0 1 1 1 0 1 0 0 2
0 1 0 1 1 1 0 1 0 0 2
1 1 0 1 1 1 0 1 0 0 2
0 0 1 1 1 1 0 1 0 0 2
1 0 1 1 1 1 0 1 0 0 2
0 1 1 1 1 1 0 1 0 0 2
1 1 1 1 1 1 0 1 0 0 2
0 0 0 0 0 0 1 1 0 0 3
1 0 0 0 0 0 1 1 0 0 3
0 1 0 0 0 0 1 1 0 0 3
1 1 0 0 0 0 1 1 0 0 3
0 0 1 0 0 0 1 1 0 0 3
1 0 1 0 0 0 1 1 0 0 3
0 1 1 0 0 0 1 1 0 0 2
1 1 1 0 0 0 1 1 0 0 2
0 0 0 1 0 0 1 1 0 0 3
1 0 0 1 0 0 1 1 0 0 2
0 1 0 1 0 0 1 1 0 0 3
1 1 0 1 0 0 1 1 0 0 2
0 0 1 1 0 0 1 1 0 0 3
1 0 1 1 0 0 1 1 0 0 2
0 1 1 1 0 0 1 1 0 0 2
1 1 1 1 0 0 1 1 0 0 2
0 0 0 0 1 0 1 1 0 0 3
1 0 0 0 1 0 1 1 0 0 3
0 1 0 0 1 0 1 1 0 0 3
1 1 0 0 1 0 1 1 0 0 3
0 0 1 0 1 0 1 1 0 0 3
1 0 1 0 1 0 1 1 0 0 3
0 1 1 0 1 0 1 1 0 0 2
1 1 1 0 1 0 1 1 0 0 2
0 0 0 1 1 0 1 1 0 0 3
1 0 0 1 1 0 1 1 0 0 2
0 1 0 1 1 0 1 1 0 0 3
1 1 0 1 1 0 1 1 0 0 2
0 0 1 1 1 0 1 1 0 0 2
1 0 1 1 1 0 1 1 0 0 2
0 1 1 1 1 0 1 1 0 0 2
1 1 1 1 1 0 1 1 0 0 2
0 0 0 0 0 1 1 1 0 0 3
1 0 0 0 0 1 1 1 0 0 3
0 1 0 0 0 1 1 1 0 0 3
1 1 0 0 0 1 1 1 0 0 3
0 0 1 0 0 1 1 1 0 0 3
1 0 1 0 0 1 1 1 0 0 3
0 1 1 0 0 1 1 1 0 0 2
1 1 1 0 0 1 1 1 0 0 2
0 0 0 1 0 1 1 1 0 0 3
1 0 0 1 0 1 1 1 0 0 2
0 1 0 1 0 1 1 1 0 0 2
1 1 0 1 0 1 1 1 0 0 2
0 0 1 1 0 1 1 1 0 0 3
1 0 1 1 0 1 1 1 0 0 2
0 1 1 1 0 1 1 1 0 0 2
1 1 1 1 0 1 1 1 0 0 2
0 0 0 0 1 1 1 1 0 0 3
1 0 0 0 1 1 1 1 0 0 3
0 1 0 0 1 1 1 1 0 0 3
1 1 0 0 1 1 1 1 0 0 3
0 0 1 0 1 1 1 1 0 0 3
1 0 1 0 1 1 1 1 0 0 3
0 1 1 0 1 1 1 1 0 0 2
1 1 1 0 1 1 1 1 0 0 2
0 0 0 1 1 1 1 1 0 0 2
1 0 0 1 1 1 1 1 0 0 2
0 1 0 1 1 1 1 1 0 0 2
1 1 0 1 1 1 1 1 0 0 2
0 0 1 1 1 1 1 1 0 0 2
1 0 1 1 1 1 1 1 0 0 2
0 1 1 1 1 1 1 1 0 0 2
1 1 1 1 1 1 1 1 0 0 2
0 0 0 0 0 0 0 0 1 0 4
1 0 0 0 0 0 0 0 1 0 3
0 1 0 0 0 0 0 0 1 0 4
1 1 0 0 0 0 0 0 1 0 3
0 0 1 0 0 0 0 0 1 0 3
1 0 1 0 0 0 0 0 1 0 3
0 1 1 0 0 0 0 0 1 0 3
1 1 1 0 0 0 0 0 1 0 3
0 0 0 1 0 0 0 0 1 0 4
1 0 0 1 0 0 0 0 1 0 3
0 1 0 1 0 0 0 0 1 0 3
1 1 0 1 0 0 0 0 1 0 3
0 0 1 1 0 0 0 0 1 0 3
1 0 1 1 0 0 0 0 1 0 3
0 1 1 1 0 0 0 0 1 0 3
1 1 1 1 0 0 0 0 1 0 3
0 0 0 0 1 0 0 0 1 0 4
1 0 0 0 1 0 0 0 1 0 3
0 1 0 0 1 0 0 0 1 0 4
1 1 0 0 1 0 0 0 1 0 3
0 0 1 0 1 0 0 0 1 0 3
1 0 1 0 1 0 0 0 1 0 3
0 1 1 0 1 0 0 0 1 0 3
1 1 1 0 1 0 0 0 1 0 3
0 0 0 1 1 0 0 0 1 0 3
1 0 0 1 1 0 0 0 1 0 3
0 1 0 1 1 0 0 0 1 0 3
1 1 0 1 1 0 0 0 1 0 3
0 0 1 1 1 0 0 0 1 0 3
1 0 1 1 1 0 0 0 1 0 3
0 1 1 1 1 0 0 0 1 0 3
1 1 1 1 1 0 0 0 1 0 3
0 0 0 0 0 1 0 0 1 0 3
1 0 0 0 0 1 0 0 1 0 3
0 1 0 0 0 1 0 0 1 0 3
1 1 0 0 0 1 0 0 1 0 3
0 0 1 0 0 1 0 0 1 0 3
1 0 1 0 0 1 0 0 1 0 2
0 1 1 0 0 1 0 0 1 0 3
1 1 1 0 0 1 0 0 1 0 2
0 0 0 1 0 1 0 0 1 0 3
1 0 0 1 0 1 0 0 1 0 3
0 1 0 1 0 1 0 0 1 0 2
1 1 0 1 0 1 0 0 1 0 2
0 0 1 1 0 1 0 0 1 0 3
1 0 1 1 0 1 0 0 1 0 2
0 1 1 1 0 1 0 0 1 0 2
1 1 1 1 0 1 0 0 1 0 2
0 0 0 0 1 1 0 0 1 0 3
1 0 0 0 1 1 0 0 1 0 3
0 1 0 0 1 1 0 0 1 0 3
1 1 0 0 1 1 0 0 1 0 3
0 0 1 0 1 1 0 0 1 0 3
1 0 1 0 1 1 0 0 1 0 2
0 1 1 0 1 1 0 0 1 0 3
1 1 1 0 1 1 0 0 1 0 2
0 0 0 1 1 1 0 0 1 0 3
1 0 0 1 1 1 0 0 1 0 3
0 1 0 1 1 1 0 0 1 0 2
1 1 0 1 1 1 0 0 1 0 2
0 0 1 1 1 1 0 0 1 0 2
1 0 1 1 1 1 0 0 1 0 2
0 1 1 1 1 1 0 0 1 0 2
1 1 1 1 1 1 0 0 1 0 2
0 0 0 0 0 0 1 0 1 0 4
1 0 0 0 0 0 1 0 1 0 3
0 1 0 0 0 0 1 0 1 0 3
1 1 0 0 0 0 1 0 1 0 3
0 0 1 0 0 0 1 0 1 0 3
1 0 1 0 0 0 1 0 1 0 3
0 1 1 0 0 0 1 0 1 0 3
1 1 1 0 0 0 1 0 1 0 3
0 0 0 1 0 0 1 0 1 0 4
1 0 0 1 0 0 1 0 1 0 3
0 1 0 1 0 0 1 0 1 0 3
1 1 0 1 0 0 1 0 1 0 3
0 0 1 1 0 0 1 0 1 0 3
1 0 1 1 0 0 1 0 1 0 3
0 1 1 1 0 0 1 0 1 0 3
1 1 1 1 0 0 1 0 1 0 3
0 0 0 0 1 0 1 0 1 0 3
1 0 0 0 1 0 1 0 1 0 3
0 1 0 0 1 0 1 0 1 0 3
1 1 0 0 1 0 1 0 1 0 3
0 0 1 0 1 0 1 0 1 0 2
1 0 1 0 1 0 1 0 1 0 2
0 1 1 0 1 0 1 0 1 0 2
1 1 1 0 1 0 1 0 1 0 2
0 0 0 1 1 0 1 0 1 0 3
1 0 0 1 1 0 1 0 1 0 3
0 1 0 1 1 0 1 0 1 0 3
1 1 0 1 1 0 1 0 1 0 2
0 0 1 1 1 0 1 0 1 0 2
1 0 1 1 1 0 1 0 1 0 2
0 1 1 1 1 0 1 0 1 0 2
1 1 1 1 1 0 1 0 1 0 2
0 0 0 0 0 1 1 0 1 0 3
1 0 0 0 0 1 1 0 1 0 3
0 1 0 0 0 1 1 0 1 0 3
1 1 0 0 0 1 1 0 1 0 3
0 0 1 0 0 1 1 0 1 0 3
1 0 1 0 0 1 1 0 1 0 2
0 1 1 0 0 1 1 0 1 0 2
1 1 1 0 0 1 1 0 1 0 2
0 0 0 1 0 1 1 0 1 0 3
1 0 0 1 0 1 1 0 1 0 3
0 1 0 1 0 1 1 0 1 0 2
1 1 0 1 0 1 1 0 1 0 2
0 0 1 1 0 1 1 0 1 0 3
1 0 1 1 0 1 1 0 1 0 2
0 1 1 1 0 1 1 0 1 0 2
1 1 1 1 0 1 1 0 1 0 2
0 0 0 0 1 1 1 0 1 0 3
1 0 0 0 1 1 1 0 1 0 3
0 1 0 0 1 1 1 0 1 0 3
1 1 0 0 1 1 1 0 1 0 3
0 0 1 0 1 1 1 0 1 0 2
1 0 1 0 1 1 1 0 1 0 2
0 1 1 0 1 1 1 0 1 0 2
1 1 1 0 1 1 1 0 1 0 2
0 0 0 1 1 1 1 0 1 0 3
1 0 0 1 1 1 1 0 1 0 3
0 1 0 1 1 1 1 0 1 0 2
1 1 0 1 1 1 1 0 1 0 2
0 0 1 1 1 1 1 0 1 0 2
1 0 1 1 1 1 1 0 1 0 2
0 1 1 1 1 1 1 0 1 0 2
1 1 1 1 1 1 1 0 1 0 2
0 0 0 0 0 0 0 1 1 0 4
1 0 0 0 0 0 0 1 1 0 3
0 1 0 0 0 0 0 1 1 0 4
1 1 0 0 0 0 0 1 1 0 3
0 0 1 0 0 0 0 1 1 0 3
1 0 1 0 0 0 0 1 1 0 3
0 1 1 0 0 0 0 1 1 0 3
1 1 1 0 0 0 0 1 1 0 3
0 0 0 1 0 0 0 1 1 0 3
1 0 0 1 0 0 0 1 1 0 3
0 1 0 1 0 0 0 1 1 0 3
1 1 0 1 0 0 0 1 1 0 3
0 0 1 1 0 0 0 1 1 0 3
1 0 1 1 0 0 0 1 1 0 3
0 1 1 1 0 0 0 1 1 0 3
1 1 1 1 0 0 0 1 1 0 3
0 0 0 0 1 0 0 1 1 0 4
1 0 0 0 1 0 0 1 1 0 3
0 1 0 0 1 0 0 1 1 0 4
1 1 0 0 1 0 0 1 1 0 3
0 0 1 0 1 0 0 1 1 0 3
1 0 1 0 1 0 0 1 1 0 3
0 1 1 0 1 0 0 1 1 0 3
1 1 1 0 1 0 0 1 1 0 3
0 0 0 1 1 0 0 1 1 0 3
1 0 0 1 1 0 0 1 1 0 3
0 1 0 1 1 0 0 1 1 0 3
1 1 0 1 1 0 0 1 1 0 3
0 0 1 1 1 0 0 1 1 0 3
1 0 1 1 1 0 0 1 1 0 3
0 1 1 1 1 0 0 1 1 0 3
1 1 1 1 1 0 0 1 1 0 3
0 0 0 0 0 1 0 1 1 0 3
1 0 0 0 0 1 0 1 1 0 3
0 1 0 0 0 1 0 1 1 0 3
1 1 0 0 0 1 0 1 1 0 3
0 0 1 0 0 1 0 1 1 0 3
1 0 1 0 0 1 0 1 1 0 2
0 1 1 0 0 1 0 1 1 0 3
1 1 1 0 0 1 0 1 1 0 2
0 0 0 1 0 1 0 1 1 0 3
1 0 0 1 0 1 0 1 1 0 2
0 1 0 1 0 1 0 1 1 0 2
1 1 0 1 0 1 0 1 1 0 2
0 0 1 1 0 1 0 1 1 0 3
1 0 1 1 0 1 0 1 1 0 2
0 1 1 1 0 1 0 1 1 0 2
1 1 1 1 0 1 0 1 1 0 2
0 0 0 0 1 1 0 1 1 0 3
1 0 0 0 1 1 0 1 1 0 3
0 1 0 0 1 1 0 1 1 0 3
1 1 0 0 1 1 0 1 1 0 3
0 0 1 0 1 1 0 1 1 0 3
1 0 1 0 1 1 0 1 1 0 2
0 1 1 0 1 1 0 1 1 0 3
1 1 1 0 1 1 0 1 1 0 2
0 0 0 1 1 1 0 1 1 0 2
1 0 0 1 1 1 0 1 1 0 2
0 1 0 1 1 1 0 1 1 0 2
1 1 0 1 1 1 0 1 1 0 2
0 0 1 1 1 1 0 1 1 0 2
1 0 1 1 1 1 0 1 1 0 2
0 1 1 1 1 1 0 1 1 0 2
1 1 1 1 1 1 0 1 1 0 2
0 0 0 0 0 0 1 1 1 0 3
1 0 0 0 0 0 1 1 1 0 3
0 1 0 0 0 0 1 1 1 0 3
1 1 0 0 0 0 1 1 1 0 3
0 0 1 0 0 0 1 1 1 0 3
1 0 1 0 0 0 1 1 1 0 2
0 1 1 0 0 0 1 1 1 0 2
1 1 1 0 0 0 1 1 1 0 2
0 0 0 1 0 0 1 1 1 0 3
1 0 0 1 0 0 1 1 1 0 2
0 1 0 1 0 0 1 1 1 0 3
1 1 0 1 0 0 1 1 1 0 2
0 0 1 1 0 0 1 1 1 0 3
1 0 1 1 0 0 1 1 1 0 2
0 1 1 1 0 0 1 1 1 0 2
1 1 1 1 0 0 1 1 1 0 2
0 0 0 0 1 0 1 1 1 0 3
1 0 0 0 1 0 1 1 1 0 3
0 1 0 0 1 0 1 1 1 0 3
1 1 0 0 1 0 1 1 1 0 3
0 0 1 0 1 0 1 1 1 0 2
1 0 1 0 1 0 1 1 1 0 2
0 1 1 0 1 0 1 1 1 0 2
1 1 1 0 1 0 1 1 1 0 2
0 0 0 1 1 0 1 1 1 0 3
1 0 0 1 1 0 1 1 1 0 2
0 1 0 1 1 0 1 1 1 0 3
1 1 0 1 1 0 1 1 1 0 2
0 0 1 1 1 0 1 1 1 0 2
1 0 1 1 1 0 1 1 1 0 2
0 1 1 1 1 0 1 1 1 0 2
1 1 1 1 1 0 1 1 1 0 2
0 0 0 0 0 1 1 1 1 0 3
1 0 0 0 0 1 1 1 1 0 3
0 1 0 0 0 1 1 1 1 0 3
1 1 0 0 0 1 1 1 1 0 3
0 0 1 0 0 1 1 1 1 0 3
1 0 1 0 0 1 1 1 1 0 2
0 1 1 0 0 1 1 1 1 0 2
1 1 1 0 0 1 1 1 1 0 2
0 0 0 1 0 1 1 1 1 0 3
1 0 0 1 0 1 1 1 1 0 2
0 1 0 1 0 1 1 1 1 0 2
1 1 0 1 0 1 1 1 1 0 2
0 0 1 1 0 1 1 1 1 0 3
1 0 1 1 0 1 1 1 1 0 2
0 1 1 1 0 1 1 1 1 0 2
1 1 1 1 0 1 1 1 1 0 2
0 0 0 0 1 1 1 1 1 0 3
1 0 0 0 1 1 1 1 1 0 3
0 1 0 0 1 1 1 1 1 0 3
1 1 0 0 1 1 1 1 1 0 3
0 0 1 0 1 1 1 1 1 0 2
1 0 1 0 1 1 1 1 1 0 2
0 1 1 0 1 1 1 1 1 0 2
1 1 1 0 1 1 1 1 1 0 2
0 0 0 1 1 1 1 1 1 0 2
1 0 0 1 1 1 1 1 1 0 2
0 1 0 1 1 1 1 1 1 0 2
1 1 0 1 1 1 1 1 1 0 2
0 0 1 1 1 1 1 1 1 0 2
1 0 1 1 1 1 1 1 1 0 2
0 1 1 1 1 1 1 1 1 0 2
1 1 1 1 1 1 1 1 1 0 2
0 0 0 0 0 0 0 0 0 1 4
1 0 0 0 0 0 0 0 0 1 3
0 1 0 0 0 0 0 0 0 1 3
1 1 0 0 0 0 0 0 0 1 3
0 0 1 0 0 0 0 0 0 1 4
1 0 1 0 0 0 0 0 0 1 3
0 1 1 0 0 0 0 0 0 1 3
1 1 1 0 0 0 0 0 0 1 3
0 0 0 1 0 0 0 0 0 1 4
1 0 0 1 0 0 0 0 0 1 3
0 1 0 1 0 0 0 0 0 1 3
1 1 0 1 0 0 0 0 0 1 3
0 0 1 1 0 0 0 0 0 1 3
1 0 1 1 0 0 0 0 0 1 3
0 1 1 1 0 0 0 0 0 1 3
1 1 1 1 0 0 0 0 0 1 3
0 0 0 0 1 0 0 0 0 1 3
1 0 0 0 1 0 0 0 0 1 3
0 1 0 0 1 0 0 0 0 1 3
1 1 0 0 1 0 0 0 0 1 2
0 0 1 0 1 0 0 0 0 1 3
1 0 1 0 1 0 0 0 0 1 3
0 1 1 0 1 0 0 0 0 1 3
1 1 1 0 1 0 0 0 0 1 2
0 0 0 1 1 0 0 0 0 1 3
1 0 0 1 1 0 0 0 0 1 3
0 1 0 1 1 0 0 0 0 1 3
1 1 0 1 1 0 0 0 0 1 2
0 0 1 1 1 0 0 0 0 1 2
1 0 1 1 1 0 0 0 0 1 2
0 1 1 1 1 0 0 0 0 1 2
1 1 1 1 1 0 0 0 0 1 2
0 0 0 0 0 1 0 0 0 1 4
1 0 0 0 0 1 0 0 0 1 3
0 1 0 0 0 1 0 0 0 1 3
1 1 0 0 0 1 0 0 0 1 3
0 0 1 0 0 1 0 0 0 1 4
1 0 1 0 0 1 0 0 0 1 3
0 1 1 0 0 1 0 0 0 1 3
1 1 1 0 0 1 0 0 0 1 3
0 0 0 1 0 1 0 0 0 1 3
1 0 0 1 0 1 0 0 0 1 3
0 1 0 1 0 1 0 0 0 1 3
1 1 0 1 0 1 0 0 0 1 3
0 0 1 1 0 1 0 0 0 1 3
1 0 1 1 0 1 0 0 0 1 3
0 1 1 1 0 1 0 0 0 1 3
1 1 1 1 0 1 0 0 0 1 3
0 0 0 0 1 1 0 0 0 1 3
1 0 0 0 1 1 0 0 0 1 3
0 1 0 0 1 1 0 0 0 1 3
1 1 0 0 1 1 0 0 0 1 2
0 0 1 0 1 1 0 0 0 1 3
1 0 1 0 1 1 0 0 0 1 3
0 1 1 0 1 1 0 0 0 1 3
1 1 1 0 1 1 0 0 0 1 2
0 0 0 1 1 1 0 0 0 1 3
1 0 0 1 1 1 0 0 0 1 3
0 1 0 1 1 1 0 0 0 1 2
1 1 0 1 1 1 0 0 0 1 2
0 0 1 1 1 1 0 0 0 1 2
1 0 1 1 1 1 0 0 0 1 2
0 1 1 1 1 1 0 0 0 1 2
1 1 1 1 1 1 0 0 0 1 2
0 0 0 0 0 0 1 0 0 1 4
1 0 0 0 0 0 1 0 0 1 3
0 1 0 0 0 0 1 0 0 1 3
1 1 0 0 0 0 1 0 0 1 3
0 0 1 0 0 0 1 0 0 1 3
1 0 1 0 0 0 1 0 0 1 3
0 1 1 0 0 0 1 0 0 1 3
1 1 1 0 0 0 1 0 0 1 3
0 0 0 1 0 0 1 0 0 1 4
1 0 0 1 0 0 1 0 0 1 3
0 1 0 1 0 0 1 0 0 1 3
1 1 0 1 0 0 1 0 0 1 3
0 0 1 1 0 0 1 0 0 1 3
1 0 1 1 0 0 1 0 0 1 3
0 1 1 1 0 0 1 0 0 1 3
1 1 1 1 0 0 1 0 0 1 3
0 0 0 0 1 0 1 0 0 1 3
1 0 0 0 1 0 1 0 0 1 3
0 1 0 0 1 0 1 0 0 1 3
1 1 0 0 1 0 1 0 0 1 2
0 0 1 0 1 0 1 0 0 1 3
1 0 1 0 1 0 1 0 0 1 3
0 1 1 0 1 0 1 0 0 1 2
1 1 1 0 1 0 1 0 0 1 2
0 0 0 1 1 0 1 0 0 1 3
1 0 0 1 1 0 1 0 0 1 3
0 1 0 1 1 0 1 0 0 1 3
1 1 0 1 1 0 1 0 0 1 2
0 0 1 1 1 0 1 0 0 1 2
1 0 1 1 1 0 1 0 0 1 2
0 1 1 1 1 0 1 0 0 1 2
1 1 1 1 1 0 1 0 0 1 2
0 0 0 0 0 1 1 0 0 1 3
1 0 0 0 0 1 1 0 0 1 3
0 1 0 0 0 1 1 0 0 1 2
1 1 0 0 0 1 1 0 0 1 2
0 0 1 0 0 1 1 0 0 1 3
1 0 1 0 0 1 1 0 0 1 3
0 1 1 0 0 1 1 0 0 1 2
1 1 1 0 0 1 1 0 0 1 2
0 0 0 1 0 1 1 0 0 1 3
1 0 0 1 0 1 1 0 0 1 3
0 1 0 1 0 1 1 0 0 1 2
1 1 0 1 0 1 1 0 0 1 2
0 0 1 1 0 1 1 0 0 1 3
1 0 1 1 0 1 1 0 0 1 2
0 1 1 1 0 1 1 0 0 1 2
1 1 1 1 0 1 1 0 0 1 2
0 0 0 0 1 1 1 0 0 1 3
1 0 0 0 1 1 1 0 0 1 3
0 1 0 0 1 1 1 0 0 1 2
1 1 0 0 1 1 1 0 0 1 2
0 0 1 0 1 1 1 0 0 1 3
1 0 1 0 1 1 1 0 0 1 3
0 1 1 0 1 1 1 0 0 1 2
1 1 1 0 1 1 1 0 0 1 2
0 0 0 1 1 1 1 0 0 1 3
1 0 0 1 1 1 1 0 0 1 3
0 1 0 1 1 1 1 0 0 1 2
1 1 0 1 1 1 1 0 0 1 2
0 0 1 1 1 1 1 0 0 1 2
1 0 1 1 1 1 1 0 0 1 2
0 1 1 1 1 1 1 0 0 1 2
1 1 1 1 1 1 1 0 0 1 2
0 0 0 0 0 0 0 1 0 1 4
1 0 0 0 0 0 0 1 0 1 3
0 1 0 0 0 0 0 1 0 1 3
1 1 0 0 0 0 0 1 0 1 3
0 0 1 0 0 0 0 1 0 1 4
1 0 1 0 0 0 0 1 0 1 3
0 1 1 0 0 0 0 1 0 1 3
1 1 1 0 0 0 0 1 0 1 3
0 0 0 1 0 0 0 1 0 1 3
1 0 0 1 0 0 0 1 0 1 3
0 1 0 1 0 0 0 1 0 1 3
1 1 0 1 0 0 0 1 0 1 3
0 0 1 1 0 0 0 1 0 1 3
1 0 1 1 0 0 0 1 0 1 3
0 1 1 1 0 0 0 1 0 1 3
1 1 1 1 0 0 0 1 0 1 3
0 0 0 0 1 0 0 1 0 1 3
1 0 0 0 1 0 0 1 0 1 3
0 1 0 0 1 0 0 1 0 1 3
1 1 0 0 1 0 0 1 0 1 2
0 0 1 0 1 0 0 1 0 1 3
1 0 1 0 1 0 0 1 0 1 3
0 1 1 0 1 0 0 1 0 1 3
1 1 1 0 1 0 0 1 0 1 2
0 0 0 1 1 0 0 1 0 1 3
1 0 0 1 1 0 0 1 0 1 2
0 1 0 1 1 0 0 1 0 1 3
1 1 0 1 1 0 0 1 0 1 2
0 0 1 1 1 0 0 1 0 1 2
1 0 1 1 1 0 0 1 0 1 2
0 1 1 1 1 0 0 1 0 1 2
1 1 1 1 1 0 0 1 0 1 2
0 0 0 0 0 1 0 1 0 1 4
1 0 0 0 0 1 0 1 0 1 3
0 1 0 0 0 1 0 1 0 1 3
1 1 0 0 0 1 0 1 0 1 3
0 0 1 0 0 1 0 1 0 1 4
1 0 1 0 0 1 0 1 0 1 3
0 1 1 0 0 1 0 1 0 1 3
1 1 1 0 0 1 0 1 0 1 3
0 0 0 1 0 1 0 1 0 1 3
1 0 0 1 0 1 0 1 0 1 3
0 1 0 1 0 1 0 1 0 1 3
1 1 0 1 0 1 0 1 0 1 3
0 0 1 1 0 1 0 1 0 1 3
1 0 1 1 0 1 0 1 0 1 3
0 1 1 1 0 1 0 1 0 1 3
1 1 1 1 0 1 0 1 0 1 3
0 0 0 0 1 1 0 1 0 1 3
1 0 0 0 1 1 0 1 0 1 3
0 1 0 0 1 1 0 1 0 1 3
1 1 0 0 1 1 0 1 0 1 2
0 0 1 0 1 1 0 1 0 1 3
1 0 1 0 1 1 0 1 0 1 3
0 1 1 0 1 1 0 1 0 1 3
1 1 1 0 1 1 0 1 0 1 2
0 0 0 1 1 1 0 1 0 1 2
1 0 0 1 1 1 0 1 0 1 2
0 1 0 1 1 1 0 1 0 1 2
1 1 0 1 1 1 0 1 0 1 2
0 0 1 1 1 1 0 1 0 1 2
1 0 1 1 1 1 0 1 0 1 2
0 1 1 1 1 1 0 1 0 1 2
1 1 1 1 1 1 0 1 0 1 2
0 0 0 0 0 0 1 1 0 1 3
1 0 0 0 0 0 1 1 0 1 3
0 1 0 0 0 0 1 1 0 1 3
1 1 0 0 0 0 1 1 0 1 2
0 0 1 0 0 0 1 1 0 1 3
1 0 1 0 0 0 1 1 0 1 3
0 1 1 0 0 0 1 1 0 1 2
1 1 1 0 0 0 1 1 0 1 2
0 0 0 1 0 0 1 1 0 1 3
1 0 0 1 0 0 1 1 0 1 2
0 1 0 1 0 0 1 1 0 1 3
1 1 0 1 0 0 1 1 0 1 2
0 0 1 1 0 0 1 1 0 1 3
1 0 1 1 0 0 1 1 0 1 2
0 1 1 1 0 0 1 1 0 1 2
1 1 1 1 0 0 1 1 0 1 2
0 0 0 0 1 0 1 1 0 1 3
1 0 0 0 1 0 1 1 0 1 3
0 1 0 0 1 0 1 1 0 1 3
1 1 0 0 1 0 1 1 0 1 2
0 0 1 0 1 0 1 1 0 1 3
1 0 1 0 1 0 1 1 0 1 3
0 1 1 0 1 0 1 1 0 1 2
1 1 1 0 1 0 1 1 0 1 2
0 0 0 1 1 0 1 1 0 1 3
1 0 0 1 1 0 1 1 0 1 2
0 1 0 1 1 0 1 1 0 1 3
1 1 0 1 1 0 1 1 0 1 2
0 0 1 1 1 0 1 1 0 1 2
1 0 1 1 1 0 1 1 0 1 2
0 1 1 1 1 0 1 1 0 1 2
1 1 1 1 1 0 1 1 0 1 2
0 0 0 0 0 1 1 1 0 1 3
1 0 0 0 0 1 1 1 0 1 3
0 1 0 0 0 1 1 1 0 1 2
1 1 0 0 0 1 1 1 0 1 2
0 0 1 0 0 1 1 1 0 1 3
1 0 1 0 0 1 1 1 0 1 3
0 1 1 0 0 1 1 1 0 1 2
1 1 1 0 0 1 1 1 0 1 2
0 0 0 1 0 1 1 1 0 1 3
1 0 0 1 0 1 1 1 0 1 2
0 1 0 1 0 1 1 1 0 1 2
1 1 0 1 0 1 1 1 0 1 2
0 0 1 1 0 1 1 1 0 1 3
1 0 1 1 0 1 1 1 0 1 2
0 1 1 1 0 1 1 1 0 1 2
1 1 1 1 0 1 1 1 0 1 2
0 0 0 0 1 1 1 1 0 1 3
1 0 0 0 1 1 1 1 0 1 3
0 1 0 0 1 1 1 1 0 1 2
1 1 0 0 1 1 1 1 0 1 2
0 0 1 0 1 1 1 1 0 1 3
1 0 1 0 1 1 1 1 0 1 3
0 1 1 0 1 1 1 1 0 1 2
1 1 1 0 1 1 1 1 0 1 2
0 0 0 1 1 1 1 1 0 1 2
1 0 0 1 1 1 1 1 0 1 2
0 1 0 1 1 1 1 1 0 1 2
1 1 0 1 1 1 1 1 0 1 2
0 0 1 1 1 1 1 1 0 1 2
1 0 1 1 1 1 1 1 0 1 2
0 1 1 1 1 1 1 1 0 1 2
1 1 1 1 1 1 1 1 0 1 2
0 0 0 0 0 0 0 0 1 1 4
1 0 0 0 0 0 0 0 1 1 3
0 1 0 0 0 0 0 0 1 1 3
1 1 0 0 0 0 0 0 1 1 3
0 0 1 0 0 0 0 0 1 1 3
1 0 1 0 0 0 0 0 1 1 3
0 1 1 0 0 0 0 0 1 1 3
1 1 1 0 0 0 0 0 1 1 3
0 0 0 1 0 0 0 0 1 1 4
1 0 0 1 0 0 0 0 1 1 3
0 1 0 1 0 0 0 0 1 1 3
1 1 0 1 0 0 0 0 1 1 3
0 0 1 1 0 0 0 0 1 1 3
1 0 1 1 0 0 0 0 1 1 3
0 1 1 1 0 0 0 0 1 1 3
1 1 1 1 0 0 0 0 1 1 3
0 0 0 0 1 0 0 0 1 1 3
1 0 0 0 1 0 0 0 1 1 3
0 1 0 0 1 0 0 0 1 1 3
1 1 0 0 1 0 0 0 1 1 2
0 0 1 0 1 0 0 0 1 1 3
1 0 1 0 1 0 0 0 1 1 2
0 1 1 0 1 0 0 0 1 1 3
1 1 1 0 1 0 0 0 1 1 2
0 0 0 1 1 0 0 0 1 1 3
1 0 0 1 1 0 0 0 1 1 3
0 1 0 1 1 0 0 0 1 1 3
1 1 0 1 1 0 0 0 1 1 2
0 0 1 1 1 0 0 0 1 1 2
1 0 1 1 1 0 0 0 1 1 2
0 1 1 1 1 0 0 0 1 1 2
1 1 1 1 1 0 0 0 1 1 2
0 0 0 0 0 1 0 0 1 1 3
1 0 0 0 0 1 0 0 1 1 3
0 1 0 0 0 1 0 0 1 1 3
1 1 0 0 0 1 0 0 1 1 2
0 0 1 0 0 1 0 0 1 1 3
1 0 1 0 0 1 0 0 1 1 2
0 1 1 0 0 1 0 0 1 1 3
1 1 1 0 0 1 0 0 1 1 2
0 0 0 1 0 1 0 0 1 1 3
1 0 0 1 0 1 0 0 1 1 3
0 1 0 1 0 1 0 0 1 1 2
1 1 0 1 0 1 0 0 1 1 2
0 0 1 1 0 1 0 0 1 1 3
1 0 1 1 0 1 0 0 1 1 2
0 1 1 1 0 1 0 0 1 1 2
1 1 1 1 0 1 0 0 1 1 2
0 0 0 0 1 1 0 0 1 1 3
1 0 0 0 1 1 0 0 1 1 3
0 1 0 0 1 1 0 0 1 1 3
1 1 0 0 1 1 0 0 1 1 2
0 0 1 0 1 1 0 0 1 1 3
1 0 1 0 1 1 0 0 1 1 2
0 1 1 0 1 1 0 0 1 1 3
1 1 1 0 1 1 0 0 1 1 2
0 0 0 1 1 1 0 0 1 1 3
1 0 0 1 1 1 0 0 1 1 3
0 1 0 1 1 1 0 0 1 1 2
1 1 0 1 1 1 0 0 1 1 2
0 0 1 1 1 1 0 0 1 1 2
1 0 1 1 1 1 0 0 1 1 2
0 1 1 1 1 1 0 0 1 1 2
1 1 1 1 1 1 0 0 1 1 2
0 0 0 0 0 0 1 0 1 1 4
1 0 0 0 0 0 1 0 1 1 3
0 1 0 0 0 0 1 0 1 1 3
1 1 0 0 0 0 1 0 1 1 3
0 0 1 0 0 0 1 0 1 1 3
1 0 1 0 0 0 1 0 1 1 3
0 1 1 0 0 0 1 0 1 1 3
1 1 1 0 0 0 1 0 1 1 3
0 0 0 1 0 0 1 0 1 1 4
1 0 0 1 0 0 1 0 1 1 3
0 1 0 1 0 0 1 0 1 1 3
1 1 0 1 0 0 1 0 1 1 3
0 0 1 1 0 0 1 0 1 1 3
1 0 1 1 0 0 1 0 1 1 3
0 1 1 1 0 0 1 0 1 1 3
1 1 1 1 0 0 1 0 1 1 3
0 0 0 0 1 0 1 0 1 1 3
1 0 0 0 1 0 1 0 1 1 3
0 1 0 0 1 0 1 0 1 1 3
1 1 0 0 1 0 1 0 1 1 2
0 0 1 0 1 0 1 0 1 1 2
1 0 1 0 1 0 1 0 1 1 2
0 1 1 0 1 0 1 0 1 1 2
1 1 1 0 1 0 1 0 1 1 2
0 0 0 1 1 0 1 0 1 1 3
1 0 0 1 1 0 1 0 1 1 3
0 1 0 1 1 0 1 0 1 1 3
1 1 0 1 1 0 1 0 1 1 2
0 0 1 1 1 0 1 0 1 1 2
1 0 1 1 1 0 1 0 1 1 2
0 1 1 1 1 0 1 0 1 1 2
1 1 1 1 1 0 1 0 1 1 2
0 0 0 0 0 1 1 0 1 1 3
1 0 0 0 0 1 1 0 1 1 3
0 1 0 0 0 1 1 0 1 1 2
1 1 0 0 0 1 1 0 1 1 2
0 0 1 0 0 1 1 0 1 1 3
1 0 1 0 0 1 1 0 1 1 2
0 1 1 0 0 1 1 0 1 1 2
1 1 1 0 0 1 1 0 1 1 2
0 0 0 1 0 1 1 0 1 1 3
1 0 0 1 0 1 1 0 1 1 3
0 1 0 1 0 1 1 0 1 1 2
1 1 0 1 0 1 1 0 1 1 2
0 0 1 1 0 1 1 0 1 1 3
1 0 1 1 0 1 1 0 1 1 2
0 1 1 1 0 1 1 0 1 1 2
1 1 1 1 0 1 1 0 1 1 2
0 0 0 0 1 1 1 0 1 1 3
1 0 0 0 1 1 1 0 1 1 3
0 1 0 0 1 1 1 0 1 1 2
1 1 0 0 1 1 1 0 1 1 2
0 0 1 0 1 1 1 0 1 1 2
1 0 1 0 1 1 1 0 1 1 2
0 1 1 0 1 1 1 0 1 1 2
1 1 1 0 1 1 1 0 1 1 2
0 0 0 1 1 1 1 0 1 1 3
1 0 0 1 1 1 1 0 1 1 3
0 1 0 1 1 1 1 0 1 1 2
1 1 0 1 1 1 1 0 1 1 2
0 0 1 1 1 1 1 0 1 1 2
1 0 1 1 1 1 1 0 1 1 2
0 1 1 1 1 1 1 0 1 1 2
1 1 1 1 1 1 1 0 1 1 2
0 0 0 0 0 0 0 1 1 1 3
1 0 0 0 0 0 0 1 1 1 2
0 1 0 0 0 0 0 1 1 1 3
1 1 0 0 0 0 0 1 1 1 2
0 0 1 0 0 0 0 1 1 1 3
1 0 1 0 0 0 0 1 1 1 2
0 1 1 0 0 0 0 1 1 1 3
1 1 1 0 0 0 0 1 1 1 2
0 0 0 1 0 0 0 1 1 1 3
1 0 0 1 0 0 0 1 1 1 2
0 1 0 1 0 0 0 1 1 1 3
1 1 0 1 0 0 0 1 1 1 2
0 0 1 1 0 0 0 1 1 1 3
1 0 1 1 0 0 0 1 1 1 2
0 1 1 1 0 0 0 1 1 1 2
1 1 1 1 0 0 0 1 1 1 2
0 0 0 0 1 0 0 1 1 1 3
1 0 0 0 1 0 0 1 1 1 2
0 1 0 0 1 0 0 1 1 1 3
1 1 0 0 1 0 0 1 1 1 2
0 0 1 0 1 0 0 1 1 1 3
1 0 1 0 1 0 0 1 1 1 2
0 1 1 0 1 0 0 1 1 1 3
1 1 1 0 1 0 0 1 1 1 2
0 0 0 1 1 0 0 1 1 1 3
1 0 0 1 1 0 0 1 1 1 2
0 1 0 1 1 0 0 1 1 1 3
1 1 0 1 1 0 0 1 1 1 2
0 0 1 1 1 0 0 1 1 1 2
1 0 1 1 1 0 0 1 1 1 2
0 1 1 1 1 0 0 1 1 1 2
1 1 1 1 1 0 0 1 1 1 2
0 0 0 0 0 1 0 1 1 1 3
1 0 0 0 0 1 0 1 1 1 2
0 1 0 0 0 1 0 1 1 1 3
1 1 0 0 0 1 0 1 1 1 2
0 0 1 0 0 1 0 1 1 1 3
1 0 1 0 0 1 0 1 1 1 2
0 1 1 0 0 1 0 1 1 1 3
1 1 1 0 0 1 0 1 1 1 2
0 0 0 1 0 1 0 1 1 1 3
1 0 0 1 0 1 0 1 1 1 2
0 1 0 1 0 1 0 1 1 1 2
1 1 0 1 0 1 0 1 1 1 2
0 0 1 1 0 1 0 1 1 1 3
1 0 1 1 0 1 0 1 1 1 2
0 1 1 1 0 1 0 1 1 1 2
1 1 1 1 0 1 0 1 1 1 2
0 0 0 0 1 1 0 1 1 1 3
1 0 0 0 1 1 0 1 1 1 2
0 1 0 0 1 1 0 1 1 1 3
1 1 0 0 1 1 0 1 1 1 2
0 0 1 0 1 1 0 1 1 1 3
1 0 1 0 1 1 0 1 1 1 2
0 1 1 0 1 1 0 1 1 1 3
1 1 1 0 1 1 0 1 1 1 2
0 0 0 1 1 1 0 1 1 1 2
1 0 0 1 1 1 0 1 1 1 2
0 1 0 1 1 1 0 1 1 1 2
1 1 0 1 1 1 0 1 1 1 2
0 0 1 1 1 1 0 1 1 1 2
1 0 1 1 1 1 0 1 1 1 2
0 1 1 1 1 1 0 1 1 1 2
1 1 1 1 1 1 0 1 1 1 2
0 0 0 0 0 0 1 1 1 1 3
1 0 0 0 0 0 1 1 1 1 2
0 1 0 0 0 0 1 1 1 1 3
1 1 0 0 0 0 1 1 1 1 2
0 0 1 0 0 0 1 1 1 1 3
1 0 1 0 0 0 1 1 1 1 2
0 1 1 0 0 0 1 1 1 1 2
1 1 1 0 0 0 1 1 1 1 2
0 0 0 1 0 0 1 1 1 1 3
1 0 0 1 0 0 1 1 1 1 2
0 1 0 1 0 0 1 1 1 1 3
1 1 0 1 0 0 1 1 1 1 2
0 0 1 1 0 0 1 1 1 1 3
1 0 1 1 0 0 1 1 1 1 2
0 1 1 1 0 0 1 1 1 1 2
1 1 1 1 0 0 1 1 1 1 2
0 0 0 0 1 0 1 1 1 1 3
1 0 0 0 1 0 1 1 1 1 2
0 1 0 0 1 0 1 1 1 1 3
1 1 0 0 1 0 1 1 1 1 2
0 0 1 0 1 0 1 1 1 1 2
1 0 1 0 1 0 1 1 1 1 2
0 1 1 0 1 0 1 1 1 1 2
1 1 1 0 1 0 1 1 1 1 2
0 0 0 1 1 0 1 1 1 1 3
1 0 0 1 1 0 1 1 1 1 2
0 1 0 1 1 0 1 1 1 1 3
1 1 0 1 1 0 1 1 1 1 2
0 0 1 1 1 0 1 1 1 1 2
1 0 1 1 1 0 1 1 1 1 2
0 1 1 1 1 0 1 1 1 1 2
1 1 1 1 1 0 1 1 1 1 2
0 0 0 0 0 1 1 1 1 1 3
1 0 0 0 0 1 1 1 1 1 2
0 1 0 0 0 1 1 1 1 1 2
1 1 0 0 0 1 1 1 1 1 2
0 0 1 0 0 1 1 1 1 1 3
1 0 1 0 0 1 1 1 1 1 2
0 1 1 0 0 1 1 1 1 1 2
1 1 1 0 0 1 1 1 1 1 2
0 0 0 1 0 1 1 1 1 1 3
1 0 0 1 0 1 1 1 1 1 2
0 1 0 1 0 1 1 1 1 1 2
1 1 0 1 0 1 1 1 1 1 2
0 0 1 1 0 1 1 1 1 1 3
1 0 1 1 0 1 1 1 1 1 2
0 1 1 1 0 1 1 1 1 1 2
1 1 1 1 0 1 1 1 1 1 2
0 0 0 0 1 1 1 1 1 1 2
1 0 0 0 1 1 1 1 1 1 2
0 1 0 0 1 1 1 1 1 1 2
1 1 0 0 1 1 1 1 1 1 2
0 0 1 0 1 1 1 1 1 1 2
1 0 1 0 1 1 1 1 1 1 2
0 1 1 0 1 1 1 1 1 1 2
1 1 1 0 1 1 1 1 1 1 2
0 0 0 1 1 1 1 1 1 1 2
1 0 0 1 1 1 1 1 1 1 2
0 1 0 1 1 1 1 1 1 1 2
1 1 0 1 1 1 1 1 1 1 2
0 0 1 1 1 1 1 1 1 1 2
1 0 1 1 1 1 1 1 1 1 2
0 1 1 1 1 1 1 1 1 1 2
1 1 1 1 1 1 1 1 1 1 1

alpha 1: 1 graph
alpha 2: 387 graphs
alpha 3: 570 graphs
alpha 4: 65 graphs
alpha 5: 1 graph
