All labeled graphs on 4 nodes
One graph per line. The 0-1 vector indicates the edges in the graph,
where edges are ordered: [0,1] [0,2] [0,3] [1,2] [1,3] [2,3]
The last number in each line is the size of a largest stable set.
Number of graphs: 64

0 0 0 0 0 0 4
1 0 0 0 0 0 3
0 1 0 0 0 0 3
1 1 0 0 0 0 3
0 0 1 0 0 0 3
1 0 1 0 0 0 3
0 1 1 0 0 0 3
1 1 1 0 0 0 3
0 0 0 1 0 0 3
1 0 0 1 0 0 3
0 1 0 1 0 0 3
1 1 0 1 0 0 2
0 0 1 1 0 0 2
1 0 1 1 0 0 2
0 1 1 1 0 0 2
1 1 1 1 0 0 2
0 0 0 0 1 0 3
1 0 0 0 1 0 3
0 1 0 0 1 0 2
1 1 0 0 1 0 2
0 0 1 0 1 0 3
1 0 1 0 1 0 2
0 1 1 0 1 0 2
1 1 1 0 1 0 2
0 0 0 1 1 0 3
1 0 0 1 1 0 3
0 1 0 1 1 0 2
1 1 0 1 1 0 2
0 0 1 1 1 0 2
1 0 1 1 1 0 2
0 1 1 1 1 0 2
1 1 1 1 1 0 2
0 0 0 0 0 1 3
1 0 0 0 0 1 2
0 1 0 0 0 1 3
1 1 0 0 0 1 2
0 0 1 0 0 1 3
1 0 1 0 0 1 2
0 1 1 0 0 1 2
1 1 1 0 0 1 2
0 0 0 1 0 1 3
1 0 0 1 0 1 2
0 1 0 1 0 1 3
1 1 0 1 0 1 2
0 0 1 1 0 1 2
1 0 1 1 0 1 2
0 1 1 1 0 1 2
1 1 1 1 0 1 2
0 0 0 0 1 1 3
1 0 0 0 1 1 2
0 1 0 0 1 1 2
1 1 0 0 1 1 2
0 0 1 0 1 1 3
1 0 1 0 1 1 2
0 1 1 0 1 1 2
1 1 1 0 1 1 2
0 0 0 1 1 1 2
1 0 0 1 1 1 2
0 1 0 1 1 1 2
1 1 0 1 1 1 2
0 0 1 1 1 1 2
1 0 1 1 1 1 2
0 1 1 1 1 1 2
1 1 1 1 1 1 1
